2017.073968 1263.134022 1736.308301 1476.799490 1277.394864 1406.842420 1297.774375 1274.395560 1275.105012 1357.266360 1286.454889 1298.745596 1433.428589 1532.575208 1423.445369 1185.032049 1113.186531 1210.840299 1387.674864 1414.627460 1505.899400 1615.465365 1110.094812 1588.754175 1379.466600 1370.767727 1414.010601 1327.574426 1377.649795 1422.779851 1489.010693 1548.239481 1500.341748 1351.461120 1393.258144 1639.715421 1377.609510 1146.652323 1449.783066 1383.918188 1563.476933 1219.340310 1507.032356 1395.888356 1601.372011 1223.963685 1457.886159 1493.833592 1391.490334 1439.641142
1263.134022 1637.923324 1380.307920 1174.031135 1075.030452 1164.628414 1065.169148 1086.411912 1085.458390 1303.411698 1089.663129 1259.661066 1162.279485 1350.815407 1158.029913 1086.713188 959.119563 1052.459961 1236.130328 1107.371311 1402.838177 1365.767558 962.364883 1263.847176 1119.852474 1115.486220 1179.900080 1036.018150 1214.997535 1116.073913 1220.914407 1251.664250 1271.892994 1177.530030 1268.974074 1309.827483 1146.141269 1006.243294 1331.609614 1142.391845 1232.575886 1144.798330 1129.477584 1201.163829 1362.474535 1158.019033 1135.360531 1193.746108 1105.445135 1184.291039
1736.308301 1380.307920 2067.753733 1423.952825 1370.743259 1448.515322 1418.400137 1396.028784 1378.524926 1485.264787 1350.183040 1397.818441 1457.916683 1562.770098 1328.671103 1312.380954 1231.778317 1274.696026 1430.688100 1435.857304 1496.151308 1580.727836 1147.217282 1646.629422 1425.659422 1335.894934 1546.471069 1330.876726 1430.652704 1389.450242 1491.813603 1559.879917 1609.996412 1445.001760 1481.978433 1652.954616 1456.701416 1147.428917 1477.498827 1316.310053 1469.935359 1292.824054 1408.255408 1504.214783 1595.182489 1240.684867 1501.965821 1444.817708 1421.922692 1337.161205
1476.799490 1174.031135 1423.952825 1877.005369 1140.203420 1318.726764 1305.949057 1272.667501 1311.064749 1515.089835 1372.523385 1241.911167 1503.586490 1515.777509 1259.684570 1109.722038 1105.324326 1288.759099 1405.243923 1305.837897 1344.287074 1540.274707 1019.136940 1469.645879 1270.721725 1214.142225 1285.977266 1299.704563 1322.299948 1374.605358 1447.202500 1370.054022 1485.243219 1354.529476 1231.392963 1394.100968 1363.083651 1203.092878 1343.486459 1214.553904 1489.414665 1164.783296 1377.954971 1348.653407 1567.331155 1379.912694 1337.107810 1325.149064 1431.025516 1272.335783
1277.394864 1075.030452 1370.743259 1140.203420 1522.057823 1199.259693 1113.206866 1024.816630 1098.241588 1161.394455 1158.493824 1041.654693 1116.121254 1292.097415 1037.012964 1015.820619 958.395305 1104.150588 1227.012242 1237.297033 1223.905727 1317.968276 868.831893 1401.871397 1073.298374 1085.243769 1216.376429 978.526821 1206.238100 1056.170647 1144.491810 1179.209734 1326.817336 1144.762505 1153.577821 1293.792408 1173.903172 929.692949 1301.590799 1127.110164 1202.636376 1100.317045 1064.178230 1277.450661 1267.809649 1014.665785 1205.334394 1131.556395 1113.133902 1109.230997
1406.842420 1164.628414 1448.515322 1318.726764 1199.259693 1654.012623 1103.981227 1201.379971 1206.766514 1273.894200 1268.654278 1202.020726 1251.723453 1449.297005 1215.129850 1134.159094 1017.225907 1121.586506 1322.479356 1280.997781 1343.801073 1417.645134 986.414895 1441.683834 1286.999021 1204.185037 1319.984710 1076.003833 1307.786941 1239.782682 1402.770766 1407.953311 1462.726810 1279.248630 1258.853667 1473.969078 1255.012037 1054.132463 1382.691706 1140.698860 1279.709329 1083.989312 1316.137636 1222.940642 1354.404203 1151.000430 1345.313624 1288.120114 1157.112989 1267.729571
1297.774375 1065.169148 1418.400137 1305.949057 1113.206866 1103.981227 1579.301297 1088.102005 1171.817083 1236.057803 1226.340780 1163.313793 1257.418448 1423.398947 1176.899955 1047.649999 1028.532236 1256.618203 1316.799614 1232.053144 1211.770273 1378.189692 999.515508 1258.316601 1074.386788 1089.370671 1243.871605 1051.967876 1150.186522 1072.080775 1339.103578 1177.493727 1259.310168 1276.685986 1224.724486 1293.044612 1249.379206 1093.216523 1259.286934 1176.177006 1342.424146 1070.547452 1214.538898 1318.885582 1359.726333 1145.503025 1164.104613 1222.105452 1184.568659 1103.401387
1274.395560 1086.411912 1396.028784 1272.667501 1024.816630 1201.379971 1088.102005 1556.202247 1175.549162 1209.536449 1175.826065 1180.008760 1280.654630 1269.880743 1082.389665 1050.292442 999.330200 1015.496062 1214.102135 1123.006827 1265.118302 1296.010136 954.963758 1322.570322 1074.054312 1121.878065 1302.137398 1038.804099 1186.397345 1144.066546 1111.292502 1307.543484 1271.048250 1106.279109 1104.369076 1287.638055 1210.814397 969.731399 1164.823513 1033.451413 1170.365885 1056.184245 1086.755594 1254.060623 1352.185065 1037.372503 1184.746548 1145.075578 1190.069627 999.553527
1275.105012 1085.458390 1378.524926 1311.064749 1098.241588 1206.766514 1171.817083 1175.549162 1487.149368 1236.047209 1120.236102 1098.653543 1295.784235 1326.923240 981.438920 990.189368 974.766139 1052.220120 1123.684128 1046.918032 1219.390845 1362.071481 987.477828 1302.053875 1084.561759 990.106293 1162.588745 1060.428839 1160.642170 1086.897033 1143.184598 1235.729768 1280.357839 1166.373626 1053.799679 1295.223226 1175.009663 1068.403706 1245.071234 1141.399646 1127.652310 1045.919785 1132.784399 1261.902695 1370.945072 990.650142 1212.775863 1163.876680 1129.039735 1149.525705
1357.266360 1303.411698 1485.264787 1515.089835 1161.394455 1273.894200 1236.057803 1209.536449 1236.047209 1707.641179 1249.599890 1251.123953 1367.406878 1474.912600 1140.899800 1117.978518 1059.636414 1213.941458 1355.265810 1302.235037 1366.249439 1486.812185 926.341982 1424.985045 1234.809185 1171.999906 1291.571849 1176.557695 1296.828567 1286.161935 1372.311143 1340.376389 1453.495009 1232.779285 1247.304656 1413.544439 1286.622464 1011.878697 1299.086272 1163.839632 1296.313862 1173.564260 1301.265011 1236.394832 1438.186808 1350.009491 1220.607561 1303.534648 1371.688380 1229.554639
1286.454889 1089.663129 1350.183040 1372.523385 1158.493824 1268.654278 1226.340780 1175.826065 1120.236102 1249.599890 1618.517903 1120.955870 1269.467829 1341.445010 1141.880021 1103.983534 937.757240 1199.098696 1262.723060 1232.098388 1256.319077 1352.056914 959.169676 1376.304388 1088.626850 1163.100497 1206.873633 1074.799600 1202.432182 1127.191144 1245.318720 1244.008359 1289.346997 1200.245256 1273.254278 1236.573067 1291.382136 987.806359 1292.558107 1149.129218 1269.718244 1076.472758 1254.812318 1191.979563 1414.298254 1164.532498 1218.073368 1161.324779 1189.243432 1157.293445
1298.745596 1259.661066 1397.818441 1241.911167 1041.654693 1202.020726 1163.313793 1180.008760 1098.653543 1251.123953 1120.955870 1573.481119 1222.260508 1414.662319 1237.974540 1014.658303 1055.256990 1119.845143 1237.113757 1205.507065 1219.335856 1443.270080 1009.250756 1289.071689 1150.845049 1096.556864 1311.176769 1083.019100 1263.439389 1102.696639 1338.495496 1273.271868 1208.995963 1282.307451 1269.582755 1433.796496 1182.323017 1142.113884 1310.628056 1075.696981 1197.149894 1105.367408 1215.393654 1168.078960 1306.859908 1194.436861 1196.670360 1136.664974 1197.989883 1210.457580
1433.428589 1162.279485 1457.916683 1503.586490 1116.121254 1251.723453 1257.418448 1280.654630 1295.784235 1367.406878 1269.467829 1222.260508 1890.807215 1391.891618 1178.319308 1202.290694 1047.094804 1185.122698 1327.404520 1199.363800 1319.198957 1476.428400 1054.092192 1410.315420 1309.203629 1040.668295 1341.203462 1078.011222 1342.686078 1347.621327 1388.705651 1470.466618 1363.495090 1426.892943 1238.719242 1475.706103 1231.208859 1126.952283 1306.068749 1246.344491 1361.158184 1078.362121 1362.102534 1232.799132 1461.860680 1271.142277 1390.319905 1352.936067 1312.710409 1215.280151
1532.575208 1350.815407 1562.770098 1515.777509 1292.097415 1449.297005 1423.398947 1269.880743 1326.923240 1474.912600 1341.445010 1414.662319 1391.891618 2161.931141 1528.120186 1239.508872 1203.276407 1371.095811 1547.721924 1421.794114 1490.396499 1743.217706 1159.760087 1544.516015 1234.228952 1455.865127 1544.348528 1236.846619 1474.200461 1422.774827 1508.695985 1565.801835 1432.203978 1483.342627 1311.030973 1641.241936 1461.277036 1334.420863 1570.562977 1340.469491 1580.805651 1279.730678 1515.492770 1510.758044 1622.421354 1503.150811 1413.710896 1428.766474 1387.056047 1459.894116
1423.445369 1158.029913 1328.671103 1259.684570 1037.012964 1215.129850 1176.899955 1082.389665 981.438920 1140.899800 1141.880021 1237.974540 1178.319308 1528.120186 1750.963668 972.071033 977.019992 1245.141558 1296.164729 1184.613078 1267.429888 1473.060527 887.564674 1327.590723 968.695474 1387.024039 1349.666482 1061.049216 1299.607525 1238.571407 1374.835033 1355.937591 1263.911510 1237.487115 1182.126371 1361.303671 1163.081597 1139.474122 1317.939927 1132.518141 1463.623981 1072.354711 1330.152258 1245.307499 1488.703281 1203.053146 1285.962590 1251.028246 1114.355177 1230.948861
1185.032049 1086.713188 1312.380954 1109.722038 1015.820619 1134.159094 1047.649999 1050.292442 990.189368 1117.978518 1103.983534 1014.658303 1202.290694 1239.508872 972.071033 1287.498014 978.391317 964.028538 1064.325588 1120.303478 1111.576022 1184.883106 841.979928 1193.945576 1065.547934 940.813365 1102.661711 874.390845 1058.281362 1050.752265 1153.597159 1223.360494 1107.692021 1108.762024 1060.263677 1240.450548 1097.835230 958.991321 1165.610717 1074.706655 1078.687547 954.238422 1095.083402 1074.064126 1194.919586 1005.836120 1106.257249 1096.565795 1058.553263 999.296999
1113.186531 959.119563 1231.778317 1105.324326 958.395305 1017.225907 1028.532236 999.330200 974.766139 1059.636414 937.757240 1055.256990 1047.094804 1203.276407 977.019992 978.391317 1275.463526 910.014984 1024.585261 956.848229 1088.653449 1135.869655 883.279964 1146.903149 888.475150 934.608649 1084.848712 794.350952 1055.892943 1035.094695 957.596697 1093.586778 1087.451110 972.688902 1044.990225 1170.216926 1030.790992 932.763078 1154.859713 986.909931 1036.076623 1004.215182 984.391629 1083.184955 1173.317731 897.749578 1104.508711 1005.420215 1086.880638 933.702937
1210.840299 1052.459961 1274.696026 1288.759099 1104.150588 1121.586506 1256.618203 1015.496062 1052.220120 1213.941458 1199.098696 1119.845143 1185.122698 1371.095811 1245.141558 964.028538 910.014984 1528.340366 1269.895987 1215.367158 1156.786066 1409.654762 931.171346 1350.864596 1113.011852 1242.716397 1226.471347 1035.526396 1185.563944 1088.317918 1391.585582 1137.466320 1358.202340 1302.127771 1169.105894 1296.458354 1224.978675 1065.162788 1276.222122 1058.303638 1347.347761 1110.896667 1279.674394 1245.725504 1317.049353 1098.301753 1230.671023 1142.436790 1175.030200 1144.372643
1387.674864 1236.130328 1430.688100 1405.243923 1227.012242 1322.479356 1316.799614 1214.102135 1123.684128 1355.265810 1262.723060 1237.113757 1327.404520 1547.721924 1296.164729 1064.325588 1024.585261 1269.895987 1735.269998 1297.863004 1360.399637 1525.627386 991.778018 1501.789603 1150.031780 1291.516705 1382.413613 1089.948643 1236.820042 1212.812268 1444.699424 1305.282268 1418.244309 1372.242806 1286.119615 1448.865220 1274.467622 1006.740287 1367.877226 1174.693985 1477.050468 1163.655965 1308.991589 1293.400706 1311.395680 1252.702601 1271.122217 1318.802786 1188.664485 1210.538645
1414.627460 1107.371311 1435.857304 1305.837897 1237.297033 1280.997781 1232.053144 1123.006827 1046.918032 1302.235037 1232.098388 1205.507065 1199.363800 1421.794114 1184.613078 1120.303478 956.848229 1215.367158 1297.863004 1766.062778 1225.419076 1416.428926 899.337256 1442.142310 1201.042362 1184.579939 1329.977612 1089.962279 1339.238558 1164.670043 1410.817998 1307.277423 1401.130515 1326.368772 1339.494010 1429.024017 1311.412936 952.118558 1445.386735 1099.895637 1315.645453 1190.407865 1381.262424 1311.990503 1329.085374 1219.235454 1110.018546 1354.560722 1201.571079 1217.658874
1505.899400 1402.838177 1496.151308 1344.287074 1223.905727 1343.801073 1211.770273 1265.118302 1219.390845 1366.249439 1256.319077 1219.335856 1319.198957 1490.396499 1267.429888 1111.576022 1088.653449 1156.786066 1360.399637 1225.419076 1761.507833 1433.393771 1097.662607 1459.305609 1232.694085 1252.284609 1346.755689 1154.531418 1278.161986 1332.154452 1326.464082 1386.640952 1455.949729 1283.583458 1395.905260 1414.661162 1329.491056 1043.485535 1437.711133 1173.688326 1415.822413 1262.895137 1301.950464 1321.943135 1531.058412 1210.121739 1348.090276 1371.676050 1238.234391 1289.820640
1615.465365 1365.767558 1580.727836 1540.274707 1317.968276 1417.645134 1378.189692 1296.010136 1362.071481 1486.812185 1352.056914 1443.270080 1476.428400 1743.217706 1473.060527 1184.883106 1135.869655 1409.654762 1525.627386 1416.428926 1433.393771 2066.158849 1150.044652 1613.538854 1296.954398 1459.719398 1442.465095 1266.361172 1427.195286 1394.624879 1532.867034 1513.011312 1472.774248 1537.357073 1293.330305 1691.422616 1420.288057 1263.620925 1559.871140 1416.069139 1589.745051 1401.038394 1522.279798 1449.416137 1563.197716 1420.720357 1471.979132 1337.515918 1360.964278 1511.704589
1110.094812 962.364883 1147.217282 1019.136940 868.831893 986.414895 999.515508 954.963758 987.477828 926.341982 959.169676 1009.250756 1054.092192 1159.760087 887.564674 841.979928 883.279964 931.171346 991.778018 899.337256 1097.662607 1150.044652 1171.910589 1023.110686 994.802696 973.194903 992.374771 831.985028 935.119235 952.313490 983.069298 977.071812 1012.037689 1034.107274 1044.075279 1142.427082 1078.143038 936.674466 1137.490436 909.177083 1040.570681 887.691717 940.191673 1015.295219 1174.824857 862.150430 1002.395463 1018.316325 970.622662 1019.020205
1588.754175 1263.847176 1646.629422 1469.645879 1401.871397 1441.683834 1258.316601 1322.570322 1302.053875 1424.985045 1376.304388 1289.071689 1410.315420 1544.516015 1327.590723 1193.945576 1146.903149 1350.864596 1501.789603 1442.142310 1459.305609 1613.538854 1023.110686 1981.422955 1285.328570 1373.412581 1488.472224 1234.338553 1363.583003 1359.244011 1405.666087 1440.187729 1525.908376 1389.914881 1390.956267 1557.823166 1408.496206 1141.708888 1403.209402 1172.056012 1435.639495 1336.539900 1403.984832 1368.555466 1471.153587 1194.109617 1489.109165 1327.085344 1365.622580 1271.875670
1379.466600 1119.852474 1425.659422 1270.721725 1073.298374 1286.999021 1074.386788 1074.054312 1084.561759 1234.809185 1088.626850 1150.845049 1309.203629 1234.228952 968.695474 1065.547934 888.475150 1113.011852 1150.031780 1201.042362 1232.694085 1296.954398 994.802696 1285.328570 1615.471155 1012.350484 1152.541801 1062.854949 1202.361730 1225.555199 1383.894173 1175.169024 1293.594350 1349.116869 1154.042997 1441.110787 1207.192784 959.533957 1157.427059 1101.663952 1193.696969 980.725780 1215.918931 1033.388137 1171.519134 1073.307086 1228.455377 1230.579754 1138.271665 1114.410415
1370.767727 1115.486220 1335.894934 1214.142225 1085.243769 1204.185037 1089.370671 1121.878065 990.106293 1171.999906 1163.100497 1096.556864 1040.668295 1455.865127 1387.024039 940.813365 934.608649 1242.716397 1291.516705 1184.579939 1252.284609 1459.719398 973.194903 1373.412581 1012.350484 1617.998174 1273.581435 1066.440239 1226.030634 1159.522154 1244.898460 1186.814806 1318.090926 1116.777950 1200.992390 1342.422806 1268.177505 977.491499 1287.295315 1069.599998 1378.728566 1092.233986 1235.770798 1280.466086 1419.827617 1108.108937 1231.102933 1219.940842 1122.138845 1203.176027
1414.010601 1179.900080 1546.471069 1285.977266 1216.376429 1319.984710 1243.871605 1302.137398 1162.588745 1291.571849 1206.873633 1311.176769 1341.203462 1544.348528 1349.666482 1102.661711 1084.848712 1226.471347 1382.413613 1329.977612 1346.755689 1442.465095 992.374771 1488.472224 1152.541801 1273.581435 1800.423038 1132.757642 1394.338024 1208.391136 1380.342226 1440.830153 1380.158473 1250.163071 1243.830323 1559.322667 1180.216953 1156.984583 1303.970092 1176.246791 1383.486322 1288.577449 1251.155209 1374.310549 1483.384158 1142.879489 1300.259670 1371.420578 1250.071350 1197.130515
1327.574426 1036.018150 1330.876726 1299.704563 978.526821 1076.003833 1051.967876 1038.804099 1060.428839 1176.557695 1074.799600 1083.019100 1078.011222 1236.846619 1061.049216 874.390845 794.350952 1035.526396 1089.948643 1089.962279 1154.531418 1266.361172 831.985028 1234.338553 1062.854949 1066.440239 1132.757642 1348.747353 1121.351881 1004.183878 1170.383887 1185.604030 1202.166366 1127.146161 1053.574361 1227.521204 1135.433478 969.441506 1073.806066 1025.883704 1212.556828 959.231570 1100.399632 1110.307164 1272.691329 1049.550654 1022.892629 1074.398987 1100.698077 1058.897191
1377.649795 1214.997535 1430.652704 1322.299948 1206.238100 1307.786941 1150.186522 1186.397345 1160.642170 1296.828567 1202.432182 1263.439389 1342.686078 1474.200461 1299.607525 1058.281362 1055.892943 1185.563944 1236.820042 1339.238558 1278.161986 1427.195286 935.119235 1363.583003 1202.361730 1226.030634 1394.338024 1121.351881 1720.548983 1296.416578 1308.196636 1412.848902 1419.219621 1278.439251 1280.123884 1496.096265 1220.564549 1106.587026 1423.099176 1132.099765 1293.640753 1170.494811 1399.317941 1321.962009 1467.520283 1282.626075 1284.839591 1414.614931 1277.649741 1256.728584
1422.779851 1116.073913 1389.450242 1374.605358 1056.170647 1239.782682 1072.080775 1144.066546 1086.897033 1286.161935 1127.191144 1102.696639 1347.621327 1422.774827 1238.571407 1050.752265 1035.094695 1088.317918 1212.812268 1164.670043 1332.154452 1394.624879 952.313490 1359.244011 1225.555199 1159.522154 1208.391136 1004.183878 1296.416578 1611.264125 1321.549422 1362.222730 1315.942323 1181.387452 1152.994519 1407.384963 1220.426521 1033.477041 1235.027976 1032.026739 1317.493901 1032.547519 1347.088301 1136.248608 1347.588825 1298.716515 1355.780569 1302.224165 1183.492499 1167.020613
1489.010693 1220.914407 1491.813603 1447.202500 1144.491810 1402.770766 1339.103578 1111.292502 1143.184598 1372.311143 1245.318720 1338.495496 1388.705651 1508.695985 1374.835033 1153.597159 957.596697 1391.585582 1444.699424 1410.817998 1326.464082 1532.867034 983.069298 1405.666087 1383.894173 1244.898460 1380.342226 1170.383887 1308.196636 1321.549422 1869.506651 1376.154933 1398.877049 1513.915806 1319.894066 1594.270707 1268.951273 1140.208769 1369.849426 1209.154239 1487.116946 1134.295076 1492.026401 1235.336218 1396.565865 1324.321171 1320.201502 1370.259179 1152.320918 1399.663055
1548.239481 1251.664250 1559.879917 1370.054022 1179.209734 1407.953311 1177.493727 1307.543484 1235.729768 1340.376389 1244.008359 1273.271868 1470.466618 1565.801835 1355.937591 1223.360494 1093.586778 1137.466320 1305.282268 1307.277423 1386.640952 1513.011312 977.071812 1440.187729 1175.169024 1186.814806 1440.830153 1185.604030 1412.848902 1362.222730 1376.154933 1965.562902 1405.632068 1330.356041 1257.938155 1562.230673 1296.128870 1171.361159 1350.339412 1269.515166 1480.272454 1239.609516 1347.382837 1306.779190 1509.293412 1269.878999 1411.534798 1380.211970 1235.265142 1250.646235
1500.341748 1271.892994 1609.996412 1485.243219 1326.817336 1462.726810 1259.310168 1271.048250 1280.357839 1453.495009 1289.346997 1208.995963 1363.495090 1432.203978 1263.911510 1107.692021 1087.451110 1358.202340 1418.244309 1401.130515 1455.949729 1472.774248 1012.037689 1525.908376 1293.594350 1318.090926 1380.158473 1202.166366 1419.219621 1315.942323 1398.877049 1405.632068 1955.378718 1293.318632 1463.276133 1443.110140 1424.936556 1103.018907 1423.199613 1164.978152 1496.271341 1238.839504 1446.562080 1528.828245 1508.186896 1239.093475 1352.824136 1362.205900 1413.872730 1304.920683
1351.461120 1177.530030 1445.001760 1354.529476 1144.762505 1279.248630 1276.685986 1106.279109 1166.373626 1232.779285 1200.245256 1282.307451 1426.892943 1483.342627 1237.487115 1108.762024 972.688902 1302.127771 1372.242806 1326.368772 1283.583458 1537.357073 1034.107274 1389.914881 1349.116869 1116.777950 1250.163071 1127.146161 1278.439251 1181.387452 1513.915806 1330.356041 1293.318632 1814.567075 1263.381875 1518.898111 1249.282971 1072.812320 1347.816262 1154.266503 1365.955928 1152.083603 1370.229325 1173.789938 1300.980577 1179.369796 1240.465449 1196.502468 1210.344251 1226.783014
1393.258144 1268.974074 1481.978433 1231.392963 1153.577821 1258.853667 1224.724486 1104.369076 1053.799679 1247.304656 1273.254278 1269.582755 1238.719242 1311.030973 1182.126371 1060.263677 1044.990225 1169.105894 1286.119615 1339.494010 1395.905260 1293.330305 1044.075279 1390.956267 1154.042997 1200.992390 1243.830323 1053.574361 1280.123884 1152.994519 1319.894066 1257.938155 1463.276133 1263.381875 1699.177041 1376.407352 1300.100311 957.026455 1344.915537 1050.206400 1281.919920 1192.872665 1329.985180 1233.977187 1390.591828 1194.885116 1213.688432 1269.719865 1247.012329 1249.823083
1639.715421 1309.827483 1652.954616 1394.100968 1293.792408 1473.969078 1293.044612 1287.638055 1295.223226 1413.544439 1236.573067 1433.796496 1475.706103 1641.241936 1361.303671 1240.450548 1170.216926 1296.458354 1448.865220 1429.024017 1414.661162 1691.422616 1142.427082 1557.823166 1441.110787 1342.422806 1559.322667 1227.521204 1496.096265 1407.384963 1594.270707 1562.230673 1443.110140 1518.898111 1376.407352 1962.557946 1275.935489 1201.763464 1477.616272 1363.310991 1491.883372 1319.934034 1499.830185 1341.737134 1453.297662 1328.314005 1415.943190 1481.326432 1311.300810 1445.569195
1377.609510 1146.141269 1456.701416 1363.083651 1173.903172 1255.012037 1249.379206 1210.814397 1175.009663 1286.622464 1291.382136 1182.323017 1231.208859 1461.277036 1163.081597 1097.835230 1030.790992 1224.978675 1274.467622 1311.412936 1329.491056 1420.288057 1078.143038 1408.496206 1207.192784 1268.177505 1180.216953 1135.433478 1220.564549 1220.426521 1268.951273 1296.128870 1424.936556 1249.282971 1300.100311 1275.935489 1634.025941 1057.543969 1298.546581 1084.588244 1371.427029 1075.908740 1232.262593 1363.145428 1410.189641 1121.752466 1242.688863 1200.918827 1263.930512 1158.473655
1146.652323 1006.243294 1147.428917 1203.092878 929.692949 1054.132463 1093.216523 969.731399 1068.403706 1011.878697 987.806359 1142.113884 1126.952283 1334.420863 1139.474122 958.991321 932.763078 1065.162788 1006.740287 952.118558 1043.485535 1263.620925 936.674466 1141.708888 959.533957 977.491499 1156.984583 969.441506 1106.587026 1033.477041 1140.208769 1171.361159 1103.018907 1072.812320 957.026455 1201.763464 1057.543969 1358.710101 1154.533387 984.062124 1148.277442 934.828095 1095.464772 1135.701674 1302.449694 1009.461537 1113.451650 1025.641685 1088.825305 1071.192353
1449.783066 1331.609614 1477.498827 1343.486459 1301.590799 1382.691706 1259.286934 1164.823513 1245.071234 1299.086272 1292.558107 1310.628056 1306.068749 1570.562977 1317.939927 1165.610717 1154.859713 1276.222122 1367.877226 1445.386735 1437.711133 1559.871140 1137.490436 1403.209402 1157.427059 1287.295315 1303.970092 1073.806066 1423.099176 1235.027976 1369.849426 1350.339412 1423.199613 1347.816262 1344.915537 1477.616272 1298.546581 1154.533387 1948.378256 1224.363037 1332.941946 1267.036551 1408.486296 1443.743859 1543.272602 1276.190494 1365.331511 1396.119207 1259.460605 1409.002433
1383.918188 1142.391845 1316.310053 1214.553904 1127.110164 1140.698860 1176.177006 1033.451413 1141.399646 1163.839632 1149.129218 1075.696981 1246.344491 1340.469491 1132.518141 1074.706655 986.909931 1058.303638 1174.693985 1099.895637 1173.688326 1416.069139 909.177083 1172.056012 1101.663952 1069.599998 1176.246791 1025.883704 1132.099765 1032.026739 1209.154239 1269.515166 1164.978152 1154.266503 1050.206400 1363.310991 1084.588244 984.062124 1224.363037 1541.323979 1331.304279 1080.286457 1134.445643 1168.183362 1332.998734 1029.758171 1177.572220 1139.837336 1005.825285 1190.378685
1563.476933 1232.575886 1469.935359 1489.414665 1202.636376 1279.709329 1342.424146 1170.365885 1127.652310 1296.313862 1269.718244 1197.149894 1361.158184 1580.805651 1463.623981 1078.687547 1036.076623 1347.347761 1477.050468 1315.645453 1415.822413 1589.745051 1040.570681 1435.639495 1193.696969 1378.728566 1383.486322 1212.556828 1293.640753 1317.493901 1487.116946 1480.272454 1496.271341 1365.955928 1281.919920 1491.883372 1371.427029 1148.277442 1332.941946 1331.304279 1809.478718 1227.454753 1340.392542 1459.477170 1507.580717 1267.370900 1344.013815 1348.958769 1202.129088 1312.295392
1219.340310 1144.798330 1292.824054 1164.783296 1100.317045 1083.989312 1070.547452 1056.184245 1045.919785 1173.564260 1076.472758 1105.367408 1078.362121 1279.730678 1072.354711 954.238422 1004.215182 1110.896667 1163.655965 1190.407865 1262.895137 1401.038394 887.691717 1336.539900 980.725780 1092.233986 1288.577449 959.231570 1170.494811 1032.547519 1134.295076 1239.609516 1238.839504 1152.083603 1192.872665 1319.934034 1075.908740 934.828095 1267.036551 1080.286457 1227.454753 1479.477087 1083.327573 1151.319942 1249.662197 996.251325 1085.309011 1154.735794 1119.632539 1120.864515
1507.032356 1129.477584 1408.255408 1377.954971 1064.178230 1316.137636 1214.538898 1086.755594 1132.784399 1301.265011 1254.812318 1215.393654 1362.102534 1515.492770 1330.152258 1095.083402 984.391629 1279.674394 1308.991589 1381.262424 1301.950464 1522.279798 940.191673 1403.984832 1215.918931 1235.770798 1251.155209 1100.399632 1399.317941 1347.088301 1492.026401 1347.382837 1446.562080 1370.229325 1329.985180 1499.830185 1232.262593 1095.464772 1408.486296 1134.445643 1340.392542 1083.327573 1812.075203 1209.301010 1403.133824 1322.796977 1320.279598 1314.987922 1297.434538 1339.360826
1395.888356 1201.163829 1504.214783 1348.653407 1277.450661 1222.940642 1318.885582 1254.060623 1261.902695 1236.394832 1191.979563 1168.078960 1232.799132 1510.758044 1245.307499 1074.064126 1083.184955 1245.725504 1293.400706 1311.990503 1321.943135 1449.416137 1015.295219 1368.555466 1033.388137 1280.466086 1374.310549 1110.307164 1321.962009 1136.248608 1235.336218 1306.779190 1528.828245 1173.789938 1233.977187 1341.737134 1363.145428 1135.701674 1443.743859 1168.183362 1459.477170 1151.319942 1209.301010 1804.831488 1580.512941 1179.858749 1271.427837 1198.866855 1287.454157 1203.978417
1601.372011 1362.474535 1595.182489 1567.331155 1267.809649 1354.404203 1359.726333 1352.185065 1370.945072 1438.186808 1414.298254 1306.859908 1461.860680 1622.421354 1488.703281 1194.919586 1173.317731 1317.049353 1311.395680 1329.085374 1531.058412 1563.197716 1174.824857 1471.153587 1171.519134 1419.827617 1483.384158 1272.691329 1467.520283 1347.588825 1396.565865 1509.293412 1508.186896 1300.980577 1390.591828 1453.297662 1410.189641 1302.449694 1543.272602 1332.998734 1507.580717 1249.662197 1403.133824 1580.512941 2025.646997 1358.212438 1403.433732 1425.423718 1450.519432 1449.655049
1223.963685 1158.019033 1240.684867 1379.912694 1014.665785 1151.000430 1145.503025 1037.372503 990.650142 1350.009491 1164.532498 1194.436861 1271.142277 1503.150811 1203.053146 1005.836120 897.749578 1098.301753 1252.702601 1219.235454 1210.121739 1420.720357 862.150430 1194.109617 1073.307086 1108.108937 1142.879489 1049.550654 1282.626075 1298.716515 1324.321171 1269.878999 1239.093475 1179.369796 1194.885116 1328.314005 1121.752466 1009.461537 1276.190494 1029.758171 1267.370900 996.251325 1322.796977 1179.858749 1358.212438 1618.060755 1161.455668 1159.803377 1161.276564 1200.859719
1457.886159 1135.360531 1501.965821 1337.107810 1205.334394 1345.313624 1164.104613 1184.746548 1212.775863 1220.607561 1218.073368 1196.670360 1390.319905 1413.710896 1285.962590 1106.257249 1104.508711 1230.671023 1271.122217 1110.018546 1348.090276 1471.979132 1002.395463 1489.109165 1228.455377 1231.102933 1300.259670 1022.892629 1284.839591 1355.780569 1320.201502 1411.534798 1352.824136 1240.465449 1213.688432 1415.943190 1242.688863 1113.451650 1365.331511 1177.572220 1344.013815 1085.309011 1320.279598 1271.427837 1403.433732 1161.455668 1780.430261 1234.193669 1172.007937 1192.500128
1493.833592 1193.746108 1444.817708 1325.149064 1131.556395 1288.120114 1222.105452 1145.075578 1163.876680 1303.534648 1161.324779 1136.664974 1352.936067 1428.766474 1251.028246 1096.565795 1005.420215 1142.436790 1318.802786 1354.560722 1371.676050 1337.515918 1018.316325 1327.085344 1230.579754 1219.940842 1371.420578 1074.398987 1414.614931 1302.224165 1370.259179 1380.211970 1362.205900 1196.502468 1269.719865 1481.326432 1200.918827 1025.641685 1396.119207 1139.837336 1348.958769 1154.735794 1314.987922 1198.866855 1425.423718 1159.803377 1234.193669 1762.792720 1163.738252 1223.949678
1391.490334 1105.445135 1421.922692 1431.025516 1113.133902 1157.112989 1184.568659 1190.069627 1129.039735 1371.688380 1189.243432 1197.989883 1312.710409 1387.056047 1114.355177 1058.553263 1086.880638 1175.030200 1188.664485 1201.571079 1238.234391 1360.964278 970.622662 1365.622580 1138.271665 1122.138845 1250.071350 1100.698077 1277.649741 1183.492499 1152.320918 1235.265142 1413.872730 1210.344251 1247.012329 1311.300810 1263.930512 1088.825305 1259.460605 1005.825285 1202.129088 1119.632539 1297.434538 1287.454157 1450.519432 1161.276564 1172.007937 1163.738252 1665.960273 1097.471442
1439.641142 1184.291039 1337.161205 1272.335783 1109.230997 1267.729571 1103.401387 999.553527 1149.525705 1229.554639 1157.293445 1210.457580 1215.280151 1459.894116 1230.948861 999.296999 933.702937 1144.372643 1210.538645 1217.658874 1289.820640 1511.704589 1019.020205 1271.875670 1114.410415 1203.176027 1197.130515 1058.897191 1256.728584 1167.020613 1399.663055 1250.646235 1304.920683 1226.783014 1249.823083 1445.569195 1158.473655 1071.192353 1409.002433 1190.378685 1312.295392 1120.864515 1339.360826 1203.978417 1449.655049 1200.859719 1192.500128 1223.949678 1097.471442 1601.776986
